60,0.278688525,8.508196721,19.72131148,16,0,7,1,1839,35,969,196,29,0,14,3,30,0,14,2,23,0,1,26,400,0,0,7,147,23,101,743
32,0.375,4.96875,17.8125,2,0,1,0,728,8,449,27,11,1,6,0,8,1,4,0,20,0,2,3,600,90,1,21.4,522,26,90,782
89,0.277777778,2.177777778,21.67777778,163,1,100,7,3994,74,2220,384,355,5,220,16,199,4,113,12,33,0,1,52,500,0,0,43,193,106,90,1444
11,0.188650794,7.443333333,12.02071429,20,1,1,14,67,5,17,30,25,2,2,14,27,1,5,16,39,1,2,16,300,0,1,7,281,23,62,254
65,0.276923077,9.015384615,17.04615385,32,2,18,6,537,24,190,141,18,0,4,3,7,0,1,2,59,0,2,23,900,0,1,28.6,453,23,62,1891
53,0.206762578,5.935498034,20.47584446,18,1,9,1,231,8,92,60,67,5,19,20,80,6,24,26,30,0,1,40,400,20,1,6.2,29,106,90,2135
21,0.333333333,9.904761905,15,8,0,4,1,176,5,126,13,13,2,11,2,9,0,7,0,25,0,1,27,0,110,1,27.8,1580,106,90,782
11,0.272727273,13.81818182,14.81818182,5,0,2,2,317,24,115,105,50,8,15,26,24,3,10,11,52,1,1,24,700,110,1,43,601,73,216,962
48,0.265306122,8.816326531,14.10204082,57,1,24,11,514,12,283,56,33,0,12,5,6,0,2,1,25,0,1,63,600,0,1,28,701,59,216,198
3,0.666666667,15,16.33333333,2,0,1,1,59,6,15,21,7,0,1,3,3,0,1,2,43,0,2,14,0,0,1,37,449,73,216,1573
17,0.236794974,12.1867482,17.83815156,3,0,2,0,19,1,9,3,3,1,2,1,2,1,2,1,40,0,2,5,300,10,1,21.4,397,23,216,584
88,0.280898876,4.91011236,20.8988764,130,5,89,5,3504,103,2006,463,186,9,114,13,189,6,104,27,34,0,1,42,900,50,1,7,426,68,100,2076
1,0,21,21,5,0,1,1,35,2,14,4,9,1,3,1,7,0,3,0,19,0,0,13,900,40,1,43,295,73,216,959
79,0.3,8.925,20.5,124,5,54,23,3589,185,1335,932,89,3,31,19,62,3,29,7,35,1,2,37,0,0,1,50,294,73,216,372
76,0.285714286,5.987012987,20.41558442,54,0,14,19,9892,316,3833,2571,187,3,33,70,125,1,23,44,41,1,2,114,700,0,0,7,435,30,90,2279
71,0.291666667,10.69444444,20.27777778,41,3,11,13,4825,166,1942,1301,122,7,31,59,268,13,71,124,38,1,2,1,300,30,1,14.2,156,30,90,2092
32,0.341587372,4.774324306,17.57406067,4,0,0,2,7,0,1,3,5,0,0,2,6,0,1,3,48,1,0,9,800,10,1,7,53,68,216,1059
3,0,6.5,9.75,4,0,2,0,164,4,84,17,5,0,2,0,4,0,1,0,43,1,2,15,100,10,0,13.4,170,39,100,1114
34,0.305469179,7.619498811,19.38417779,8,0,8,0,240,2,150,12,12,0,7,0,6,1,3,1,41,1,2,14,100,0,1,20.6,5,23,62,254
42,0.285714286,6.666666667,20.16666667,63,2,26,13,831,35,381,150,88,3,27,26,37,1,12,9,23,0,1,8,600,10,1,20,63,64,216,2059
38,0.282051282,10.30769231,20.17948718,90,1,34,22,2427,87,851,660,141,4,33,45,47,3,8,20,37,0,1,26,700,0,1,7,429,74,62,731
35,0.194444444,10.11111111,17,56,4,19,18,1373,54,385,485,157,12,29,70,90,4,23,35,37,1,2,43,200,0,1,30,346,73,216,1843
15,0.291085271,8.006744186,16.46906977,4,2,2,0,8,3,4,1,4,3,3,0,4,3,3,0,48,0,1,7,300,10,1,14.8,14,41,216,526
75,0.289473684,1.684210526,21.84210526,119,1,58,5,5374,75,3459,199,249,8,144,26,288,12,160,40,24,1,2,42,600,210,0,43,387,106,90,1610
86,0.275862069,5.379310345,21.37931034,113,3,54,11,2605,43,1601,229,117,1,66,5,96,0,47,4,29,0,2,68,800,650,1,43,383,68,62,719
11,0.363636364,9.454545455,18.63636364,7,0,5,0,73,0,40,3,10,0,7,0,16,0,8,0,27,0,0,24,400,110,0,25.2,172,106,90,83
65,0.257575758,7.772727273,18.77272727,17,2,9,6,1727,71,891,347,57,4,31,16,32,4,17,7,18,1,1,25,300,10,1,7,263,78,110,1342
51,0.326923077,12.71153846,16.82692308,6,0,0,0,128,5,28,26,22,0,2,6,15,0,0,4,62,0,2,11,100,160,1,29.6,204,23,219,353
30,0.4,11.8,13.76666667,5,0,4,1,91,11,47,12,5,1,2,1,7,2,4,2,39,0,2,24,100,10,1,27.4,840,23,100,980
5,0.2,8.6,14.8,13.6,0,7.8,2,81,2,42,6,11,1,8,1,65,2,38,5,31,0,2,12,0,0,1,35.8,155,106,90,1782
5,0,6.2,16.2,14,0,10,2,2485,18,1594,101,85,0,55,8,64,0,44,3,28,0,2,42,400,70,1,28.6,89,68,100,1114
49,0.326530612,6.87755102,20.16326531,37,3,22,4,192,4,101,23,54,4,28,10,58,1,27,10,31,0,1,65,200,0,1,20,85,59,216,1389
44,0.272727273,10.84090909,17.90909091,96,1,50,15,400,13,152,107,80,2,27,19,66,0,22,21,64,0,1,11,400,30,0,7,371,58,90,83
91,0.282608696,5.423913043,19.04347826,72,5,34,18,964,39,406,208,88,11,38,30,42,3,13,17,37,0,1,37,200,0,1,7,415,73,100,1974
39,0.3,12.75,18.15,11,1,6,1,326,30,203,53,21,1,13,2,29,3,15,8,22,0,1,6,800,20,1,14.2,1880,23,62,687
5,0.2,12.4,12.6,42,0,27,1,650,8,407,29,52,0,28,2,26,0,14,2,51,0,1,44,100,0,0,28.6,267,106,90,1610
43,0.266570504,5.060971949,19.32002768,75,3,21,35,882,40,302,332,108,7,21,58,75,4,10,44,55,0,2,33,600,0,1,18.4,18,68,62,1371
15,0.333333333,18.13333333,20.66666667,57,6,26,13,291,23,138,56,22,1,7,7,19,3,4,8,34,1,2,19,300,0,1,43,519,73,62,136
51,0.333333333,7.274509804,19.88235294,133,6,36,47,658,41,178,243,159,7,27,60,140,7,20,64,46,1,2,54,900,0,1,28.6,526,73,216,1704
89,0.288888889,6.633333333,17.6,7,0,4,0,422,4,247,23,25,0,17,1,82,1,54,3,56,0,1,33,200,60,1,14.2,465,29,100,1006
43,0.348837209,7.837209302,18.02325581,102,2,62,4,1075,12,620,86,43,0,25,2,46,0,28,2,18,0,2,17,0,0,1,28.6,606,64,219,1281
5,0.4,15.8,15.8,1,1,1,0,11,2,7,0,1,1,1,0,1,1,1,0,44,0,1,2,800,0,1,20,87,106,90,327
66,0.299280397,2.647398677,21.2384574,47,0,28,3,590,11,353,40,53,1,32,1,36,0,25,0,23,0,0,44,500,0,1,30.4,116,23,62,2069
24,0.333333333,7.5,16.29166667,4,0,1,0,114,3,84,7,17,1,11,1,13,0,7,0,26,0,2,16,700,0,1,7,608,106,90,1610
82,0.265060241,4.855421687,20.20481928,51,3,29,11,2365,64,1176,410,51,1,21,12,27,2,16,5,19,0,1,11,200,0,1,21.4,561,23,62,719
30,0.257510906,8.66827531,17.36786541,33,3,10,10.6,2,0,0,0,1,0,0,0,2,0,0,0,32,1,2,5,100,0,0,29.8,11,23,100,1759
47,0.300169082,8.436364734,18.09442029,1,0,0,1,8,0,0,3,4,0,0,2,2,0,0,2,59,1,1,13,600,40,1,10.6,7,73,216,1950
80,0.271604938,5.432098765,20.34567901,410,18,114,141,9820,410,3312,3026,393,16,75,159,280,13,69,110,81,1,2,66,0,0,1,7,402,68,216,221
57,0.310344828,3.431034483,16.94827586,2,0,0,1,1985,53,1362,127,38,1,24,2,21,0,11,3,23,0,2,21,700,10,1,28.8,583,64,110,756
75,0.25,7.026315789,19.26315789,44,4,23,6,693,41,398,81,71,9,39,11,26,3,19,3,18,0,1,47,0,0,0,35.8,610,68,100,1896
35,0.257142857,7.714285714,15.42857143,36,3,21,3,589,19,333,70,62,2,31,5,45,0,22,6,31,0,1,32,500,10,1,35.8,1726,68,216,958
30,0.290322581,9.580645161,15.29032258,2,0,1,1,391,25,206,74,12,1,5,3,9,0,1,3,29.6,0,1,48,460,30,1,36.8,618,23,39,1712
74,0.266666667,5.893333333,19.8,21,0,9,5,1184,42,659,169,40,0,21,5,50,1,24,9,23,0,2,51,900,10,1,7,631,68,62,2219
92,0.279569892,5.279569892,21.94623656,4,0,0,0,499,11,295,46,34,0,14,3,237,3,157,12,30,0,2,54,900,0,1,15.2,484,68,40,2229
51,0.196078431,4.274509804,16.43137255,97,6,74,3,3964,120,2608,309,147,8,114,10,48,1,33,1,26,0,1,56,600,20,1,35.8,226,68,110,1180
30,0.343354341,6.122791306,20.32623419,108,7,52,25,1003,66,464,264,165,17,75,42,160,12,76,36,45,0,1,39,800,10,1,16.8,19,68,110,1058
43,0.227272727,7.545454545,16.95454545,7,0,6,0,646,10,413,30,23,0,16,0,8,0,5,0,27,0,2,11,300,30,1,38.4,186,64,216,1562
89,0.255555556,2.366666667,22.15555556,11,0,2,1,684,8,324,63,50,0,21,1,52,0,24,0,42,0,1,39,400,50,1,43,511,98,216,1059
1,1,12,13,3,0,1,0,88,1,48,7,9,0,3,0,51,2,28,5,67,0,0,21,200,60,0,3,58,73,100,1346
57,0.298245614,8.807017544,19.89473684,379,13,155,93,3736,140,1400,1057,342,17,99,119,343,12,67,159,67,1,2,55,800,0,1,7,147,23,100,2000
82,0.289156627,6.265060241,16.61445783,33,1,21,1,1565,75,405,533,426,19,92,191,11,0,7,1,20,0,2,48,300,0,0,21.4,535,68,216,2188
1,0,11,11,1,0,0,0,12,1,3,4,2,0,0,0,3,0,1,0,49,0,0,8,900,0,1,6.2,69,23,216,436
23,0.304347826,3.434782609,15.26086957,29,2,14,8,501,14,272,87,65,4,30,18,45,1,19,9,23,0,2,33,800,260,1,7,644,58,90,2092
69,0.280950222,4.12675125,19.87431246,19,1,14,1,1024,8,572,83,30,1,18,2,9,0,7,0,45,0,2,74,700,90,1,22,25,88,90,782
1,0,11,14,9,0,7,0,116,1,68,0,20,0,11,0,6,0,4,0,21,0,2,11,100,50,1,25.4,45,29,110,1637
58,0.310344828,13.39655172,21,40,1,13,14,2279,64,804,670,140,10,34,76,75,3,16,30,50,1,2,26,0,10,0,43,555,73,100,703
31,0.290322581,15.22580645,17.93548387,1,0,0,0,129,5,82,14,8,0,3,1,1,0,0,0,24,0,1,7,200,0,1,7,612,78,62,815
58,0.253882496,8.074960193,18.22763425,21,1,3,9,174,9,50,60,32,0,5,13,34,0,7,12,36,0,2,14,0,0,1,3,4,73,100,44
88,0.269662921,2.741573034,21.85393258,186,7,101,31,6871,175,3774,1049,194,6,100,34,105,4,52,20,18,0,1,15,400,0,1,7,302,73,62,2073
77,0.294871795,1.487179487,21.62820513,21,0,6,5,2460,79,1331,339,62,0,33,10,66,1,40,11,31,0,1,49,600,10,0,43,164,68,216,1740
8,0.156666667,11.45666667,19.37333333,4,2,3,3,89,8,30,33,16,4,5,8,16,3,6,9,44,1,2,13,100,0,1,36,14,23,110,756
40,0.240988613,11.31018634,17.34612319,11,1,4,1,109,4,46,14,24,2,6,6,76,8,37,15,36,0,1,37,500,40,0,28.6,710,68,62,830
38,0.234832193,7.063004236,17.48366895,2,0,2,0,163,3,101,15,3,0,1,0,9,0,3,0,23,0,1,13,600,10,1,20.4,13,26,90,83
18,0.388888889,6.611111111,15.55555556,22,1,14,5,430,9,275,47,19,0,15,4,15,0,10,2,22,0,1,11,200,0,1,15.4,139,23,110,1336
65,0.323076923,10.43076923,18.81538462,207,13,52,69,810,47,215,260,191,10,34,77,76,6,13,29,38,1,2,80,800,0,1,18,106,73,62,1491
88,0.292134831,6.415730337,21.17977528,80,2,40,10,903,13,467,86,36,1,20,6,30,1,16,6,40,0,2,40,200,0,0,21.4,565,73,216,1973
87,0.295454545,8.238636364,21.14772727,119,10,63,21,3258,203,1354,718,127,7,37,44,66,5,27,24,67,0,2,29,600,30,1,40,381,106,90,83
31,0.264177489,10.03,15.35452381,9,1,4,0,47,1,12,9,10,1,3,1,28,1,7,6,70,1,2,17,600,10,1,12,11,73,62,2219
91,0.27173913,7.347826087,21.25,16,1,12,1,573,33,316,66,21,1,14,4,51,3,26,4,21,0,2,24,900,130,0,36,521,23,100,769
45,0.282608696,5.086956522,20.30434783,74,1,52,4,2327,70,1516,167,157,4,99,13,60,5,39,6,60,0,1,29,900,0,0,43,448,73,100,1644
60,0.295081967,8.770491803,16.06557377,16,0,11,0,746,14,531,40,28,0,24,0,27,0,18,0,25,0,2,28,700,260,0,14.2,327,106,90,1610
91,0.282608696,7.043478261,20.5,76,9,35,18,2588,141,912,622,91,12,28,39,65,3,13,23,51,1,1,15,800,0,1,12,254,23,216,1625
45,0.333333333,12.02222222,16.93333333,22,2,9,2,512,15,230,98,40,1,11,13,36,1,11,11,39,0,2,19,0,0,0,24.6,99,73,100,903
92,0.279569892,3.612903226,22.05376344,329,16,135,89,12950,713,4186,4371,481,27,116,187,152,10,34,76,59,1,2,71,300,10,1,7,155,68,219,1996
15,0.4,9.666666667,11.26666667,93,1,57,7,146,4,63,19,4,0,0,0,13,0,5,2,20,0,1,45,0,0,0,14.2,500,68,216,2188
47,0.255319149,0.595744681,22.19148936,175,4,117,6,10923,250,6716,1036,342,6,215,23,125,4,81,7,24,0,2,53,600,0,1,43,602,53,90,782
6,0.166666667,15.83333333,18.33333333,8,0,1,3,90,7,27,30,87,3,10,40,15,0,0,5,42,0,2,7,0,50,1,20,438,73,62,1205
79,0.291139241,4.265822785,19.43037975,21,0,10,1,632,27,354,84,38,1,20,2,42,1,14,10,25,0,1,21,400,30,0,43,633,73,100,1403
86,0.275862069,2.298850575,20.75862069,54,0,38,1,3922,84,2337,381,130,3,85,7,109,0,72,2,25,0,2,16,500,1670,0,15.2,153,106,90,2279
76,0.286030768,4.754628727,21.12878855,34,0,18,4,793,27,455,94,153,8,84,24,118,3,66,6,32,0,1,31,800,10,1,7,15,68,216,2048
60,0.266666667,1.45,21.4,51,4,29,6,1220,62,652,185,31,4,19,5,20,2,12,2,24,0,1,14,200,0,1,28.6,187,82,90,702
82,0.277108434,10.5060241,20.30120482,406,12,150,130,14140,579,5910,3831,390,11,106,160,354,15,116,144,69,1,2,71,300,20,1,43,432,106,90,1444
66,0.298507463,9.895522388,17.6119403,213,6,58,79,13436,629,3309,5537,273,6,48,105,231,6,33,127,59,1,2,49,900,0,1,21.4,233,73,62,1008
68,0.338235294,7.485294118,19.23529412,191,6,112,39,3129,99,1131,862,82,2,20,34,65,1,12,23,35,1,2,24,900,0,0,28.8,542,29,40,2149
49,0.265306122,4.040816327,20.06122449,177,1,123,4,1638,29,1011,75,245,3,153,8,165,0,115,8,41,0,2,43,800,220,1,7,124,73,100,292
66,0.28358209,5.044776119,20.47761194,87,5,48,10,3759,128,1839,662,110,13,38,30,49,7,19,11,20,0,1,41,700,0,1,15.6,658,9,90,2279
19,0.157894737,5.894736842,14.26315789,6,0,4,1,355,11,247,28,15,0,9,1,12,0,5,2,23,0,0,12,200,0,1,21.6,149,29,110,756
35,0.285714286,11.22857143,17.22857143,62,3,19,18,146,9,63,43,75,6,19,28,32,1,13,8,32,1,2,21,700,90,0,7,224,73,216,263
75,0.289473684,1.210526316,20.14473684,48,1,33,4,1063,13,629,53,121,0,77,8,421,10,296,23,31,0,2,14,100,0,0,28.6,483,30,90,782
46,0.357411892,4.309525929,19.74839207,8,0,7,0,620,18,410,68,31,1,22,4,124,2,89,8,30,0,1,26,100,10,0,12,13,106,90,782
42,0.280938924,8.112389086,18.47974225,6,0,5,0,472,4,313,19,28,0,16,2,36,1,23,2,30,0,1,26,200,0,0,20.6,189,106,90,1610
44,0.333333333,10.26666667,17.11111111,30,4,10,10,655,42,220,198,67,6,13,22,33,2,5,11,28.8,0,2,40,300,12,1,29,571,73,62,2036
65,0.276396182,6.268610602,20.42290341,3,1,1,1,357,7,153,26,23,2,11,4,45,1,22,5,30,0,2,34,600,40,1,21.6,1705,68,216,1913
35,0.387,11.346,18.764,2,0,0,1,92,3,15,34,27,0,5,11,31,1,5,17,57,1,2,13,0,10,1,8,7,23,216,584
79,0.316455696,5.835443038,19.97468354,43,2,25,3,3271,103,1829,497,87,2,48,13,106,1,67,12,21,0,1,13,0,0,1,7,616,26,90,83
56,0.298245614,11.63157895,15.9122807,67,6,30,17,314,15,198,24,9,0,7,0,6,0,3,0,28.4,0,2,28,440,6,1,35.8,693,106,90,772
12,0.25,14.75,16.83333333,17,0,12,0,57,3,33,3,4,0,3,0,2,0,2,0,19,0,1,20,900,0,0,3,257,64,100,706
1,1,10,10,4,1,1,1,6,1,1,1,2,0,0,0,2,1,1,0,40,0,2,5,300,0,1,15.8,47,29,62,2061
6,0.333333333,14.33333333,19.83333333,227,11,88,77,608,26,251,166,32,2,6,11,8,0,1,3,49,1,2,33,800,190,1,35.8,596,106,90,782
1,1,17,19,4,0,0,1,129,1,59,16,9,0,2,0,6,0,2,1,66,0,2,20,900,60,0,47,29,23,100,727
92,0.279569892,3.032258065,21.79569892,14,1,9,2,609,29,238,120,54,3,18,14,28,3,10,6,20,0,2,24,300,0,1,43,515,23,216,85
28,0.264135887,6.767183463,15.11857425,8,0,5,1,19,0,9,1,6,0,2,1,6,0,3,1,41,0,2,14,800,0,1,16.8,17,73,62,2036
80,0.308641975,5.604938272,20.71604938,229,15,84,90,3229,159,975,1156,348,28,85,157,47,3,10,26,67,0,1,76,600,20,1,7,252,73,216,1063
5,0.4,15.4,19.2,5,0,1,0,80,1,29,26,16,0,2,7,4,0,0,1,27,0,2,5,700,40,1,35.8,544,23,110,2207
63,0.34375,11.203125,18.140625,15,0,4,1,152,1,51,41,16,0,5,6,31,2,8,6,19,0,1,26,900,200,1,14,142,74,62,830
72,0.277777778,3.125,21.19444444,65,2,37,8,1479,45,704,238,80,3,46,12,50,3,24,9,43,0,2,70,200,570,1,15.6,232,68,62,258
20,0.287321429,10.38848214,18.58526786,1,0,1,1,1,0,1,1,1,0,1,1,24.4,1.4,10,4,18,0,2,1,900,0,0,3,13,29,100,927
92,0.279569892,2.602150538,21.62365591,60,1,33,7,5113,184,3017,748,123,6,68,26,134,4,70,36,18,0,2,60,800,0,1,7,162,106,90,83
23,0.313724933,7.246236025,20.05055901,30,4,12,8,323,18,121,104,94,6,26,41,74,6,25,29,18,1,1,43,600,50,1,13.4,17,68,62,931
82,0.277108434,1.674698795,22.27710843,35,2,23,4,1294,40,713,168,79,2,50,8,60,1,40,5,27,0,1,66,700,10,1,29.6,294,68,216,23
51,0.294117647,14,18.74509804,64,1,36,5,185,2,96,20,12,0,9,0,17,0,11,0,22,0,2,58,900,0,1,21.4,772,68,100,769
82,0.277108434,4.843373494,18.3373494,1,0,0,0,232,4,145,6,7,0,5,0,6,0,3,0,26,0,2,59,300,130,0,28.6,447,9,90,1189
22,0.383505255,9.099617277,15.59491039,2,0,0,0,17,0,10,0,3,0,0,0,2,0,0,0,32,0,2,17,0,0,0,21.4,18,68,100,30
31,0.302002063,8.140165911,16.67815583,14,3,5,5,267,14,98,70,19,2,5,6,47,2,8,19,23,1,2,13,300,0,1,15.6,8,23,216,584
1,0,20,20,34,1,9,7,469,21,159,122,77,3,22,23,33,1,6,11,50,0,2,31,100,20,0,43,518,68,100,845
31,0.295333333,5.543,19.74583333,36,1,10,17,591,41,124,280,59,3,11,29,90,8,13,46,39,0,2,27,800,70,1,15.4,14,68,216,263
8,0.25,7.625,11.5,30,2,21,0,393,13,241,56,28,1,16,1,16,0,13,1,18,0,2,34,100,40,1,8.4,182,106,90,83
1,0,2,2,14,0,10,0,650,16,387,60,26,1,20,2,35,2,16,6,30,0,1,23,900,40,0,34.4,39,68,216,198
28,0.353002859,9.127176744,16.00295372,16,1,7,3,151,5,79,24,15,1,7,0,13,1,8,1,51,0,1,23,200,10,1,15.4,10,73,216,1436
68,0.323529412,9.25,20.35294118,121,6,35,42,5857,360,2005,1775,162,14,38,56,118,5,42,38,37,1,1,43,900,0,0,43,1308,74,62,1714
3,0,16,16.66666667,24,0,18,2,259,7,142,31,18,0,12,3,17,0,14,1,21,0,1,19,300,0,1,22.4,62,64,40,1362
40,0.219512195,6.780487805,21.14634146,14,0,10,2,1183,27,619,179,25,0,12,5,31,0,12,3,29,0,1,20,900,0,0,21.4,225,30,90,1782
53,0.264150943,3.811320755,18.79245283,52,3,34,7,1580,36,1038,71,65,4,44,8,70,3,43,6,23,0,1,19,100,200,1,24,288,106,90,592
79,0.278481013,5.810126582,21.69620253,41,0,26,4,696,40,305,168,108,9,33,35,42,5,16,9,25.4,0,1,32,460,8,0,28.8,628,23,62,86
32,0.181818182,5.03030303,15.09090909,31,2,18,6,699,11,394,75,9,0,8,1,9,1,8,1,33,0,1,31,500,10,1,23.8,162,23,100,2030
19,0.24965499,10.48504049,14.66870005,2,0,0,2,2,0,0,2,14.6,0.8,7.6,2.2,14,0.6,7,2.2,39,0,1,1,900,0,1,14.2,5,54.2,113.6,931.4
3,0.333333333,19.66666667,19.66666667,69,1,37,5,1515,73,824,244,100,2,54,12,51,2,30,5,43,0,1,45,400,0,1,29.6,48,106,90,83
1,0,21,21,16,0,9,2,219,8,137,9,15,1,10,2,8,1,2,1,33,0,1,24,300,0,1,17.6,128,68,216,1973
34,0.345974026,5.083798701,19.03459957,32,1,16,4,334,13,198,46,26,2,12,4,21,2,6,4,26,0,1,10,400,10,0,20,6,29,100,927
90,0.285714286,4.076923077,21.97802198,176,6,59,60,3032,157,817,1152,247,8,43,104,144,6,20,69,47,1,2,41,800,0,1,7,562,73,62,978
20,0.4,7.8,16.7,20,0,11,0,565,10,387,20,27,1,17,0,24,0,16,1,28,0,2,14,200,0,0,14.2,307,23,100,2268
34,0.294117647,8.205882353,19,62,1,40,6,1016,11,622,78,108,2,65,8,27,0,17,2,31,0,1,15,600,0,1,21.4,196,23,216,932
60,0.295081967,11.40983607,18.04918033,126,6,39,37,3880,127,960,1500,117,7,32,43,26,1,5,17,55,1,2,19,500,0,1,21.4,386,68,62,1011
90,0.288888889,2.133333333,21.87777778,195,11,137,7,3155,101,1919,310,378,10,253,19,95,4,59,5,26,0,1,70,200,10,0,35.8,543,9,90,782
68,0.282742104,4.431645572,20.57258093,42,2,30,0,1079,48,637,132,72,3,48,5,107,2,74,6,37,0,2,39,400,0,1,30,16,9,90,2279
49,0.295417648,6.865305644,17.952792,6,0,3,0,120,7,71,17,21,2,12,4,16,0,8,2,40,0,1,22,600,0,1,14.4,265,68,62,931
28,0.285714286,12.10714286,19.42857143,211,9,101,41,948,58,341,291,171,14,35,65,127,8,26,63,59,1,2,44,500,0,0,35.8,578,73,100,949
75,0.25,6.947368421,19.76315789,33,0,8,12,862,36,283,271,58,2,12,24,45,3,9,19,28,1,1,9,500,0,1,7,310,29,110,1180
89,0.255555556,3.411111111,20.41111111,75,1,45,7,7289,356,2871,2094,382,29,105,136,113,6,35,41,47,1,1,53,500,0,1,6.2,162,68,62,1314
72,0.222222222,9.805555556,19.65277778,2,0,1,0,410,11,228,34,22,3,14,4,11,0,6,1,27,0,1,33,400,20,1,43,329,68,62,773
39,0.282051282,13.94871795,17.48717949,16,1,3,3,102,1,28,32,30,2,4,12,3,0,0,2,49,1,2,4,800,10,1,29.8,315,23,216,1778
8,0.25,12.375,18.125,11,1,5,3,176,6,78,34,22,1,10,7,8,0,1,4,66,1,2,38,800,180,0,22.6,197,23,100,2016
22,0.272727273,4,22.27272727,42,3,16,10,615,38,262,151,154,19,45,52,80,9,33,24,22,0,1,6,800,0,1,21.2,45,59,216,485
32,0.25,14.5,16.5625,10,0,5,1,385,26,178,83,12,1,6,0,16,3,8,3,19,0,2,12,800,150,1,7,306,106,90,1610
11,0.363636364,11.63636364,15.45454545,53,4,30,11,250,13,137,47,60,1,26,11,55,1,29,11,48,0,1,28,600,110,1,43,156,9,90,702
3,0.333333333,12.33333333,14,16,1,4,6,93,3,38,22,26,1,5,10,13,1,1,6,33,1,2,23,300,30,1,25.4,242,68,100,1599
52,0.326923077,10.15384615,18.90384615,86,6,25,25,1081,57,359,357,137,8,31,50,84,1,10,31,34,1,2,27,900,0,0,16.4,275,73,62,2269
25,0.423076923,13.5,15.73076923,11,0,2,1,245,10,80,59,42,2,10,15,11,0,0,5,61,1,2,11,200,0,1,7,396,23,216,584
16,0.25,12.3125,14.625,5,0,1,0,810,6,502,12,13,0,6,0,8,0,4,0,33,0,2,19,500,30,1,12,405,23,216,575
22,0.285347985,8.098534798,19.69157509,27,3,11,10,38,5,13,15,11,4,5,5,8,4,4,3,26,0,1,26,0,0,0,28.4,14,68,216,167
34,0.358548872,10.91255639,17.21897744,12,0,8,0,160,7,82,10,14,0,7,0,25,1,16,1,87,0,2,49,800,0,0,7.6,19,106,90,782
9,0.222222222,2.666666667,21.55555556,81,2,54,7,1567,55,1014,139,104,4,77,5,88,4,74,4,37,0,2,38,100,110,1,15.2,35,106,90,782
64,0.307692308,6.615384615,21.86153846,73,1,49,5,3862,97,2390,334,120,1,71,16,113,2,69,11,23,0,2,56,200,0,1,43,1175,68,216,1242
64,0.296875,3.9375,20.390625,40,0,13,10,582,20,297,99,43,0,15,7,29,0,20,1,25,0,1,18,200,420,1,25.4,281,73,62,683
79,0.2875,10.2875,17.7375,5.4,0,2.8,1.2,19,1,6,5,3,0,1,0,4,0,2,0,38,0,1,22,300,40,1,28.6,412,106,90,2135
50,0.24,7.62,18.78,9,1,4,3,417,13,234,52,33,1,16,4,83,0,47,6,30,0,1,30,0,90,0,15.2,103,73,100,150
91,0.282608696,1.065217391,22.72826087,136,4,93,5,5699,150,3661,306,728,21,478,26,194,2,115,10,32,0,2,51,200,10,1,28.8,691,106,90,83
40,0.219512195,6.536585366,17.56097561,37,0,24,2,2187,39,1467,116,38,1,25,2,20,0,11,0,26,0,1,24,0,10,1,48,624,73,62,342
82,0.301204819,5.024096386,19.44578313,220,5,141,22,5415,125,3330,559,491,14,277,72,182,6,106,22,22,0,1,31,800,0,1,21.4,595,78,110,756
14,0.428571429,5.571428571,19.85714286,2,0,2,0,233,2,158,8,10,0,9,0,13,0,11,0,28,0,1,24,400,30,1,35.8,1673,106,90,1892
68,0.246376812,6.057971014,19.2173913,8,0,4,0,1534,41,775,216,20,1,12,1,25,1,16,2,20,0,1,1,800,0,1,7,663,29,62,1016
71,0.291666667,7.472222222,15.81944444,10,0,7,0,1317,31,915,67,37,1,27,2,11,0,8,0,25,0,2,37,900,790,1,43,686,106,90,237
78,0.291139241,11.97468354,17.29113924,36,3,22,5,553,22,289,104,106,8,54,33,135,3,88,18,41,0,1,32,900,130,0,43,705,68,216,198
60,0.262295082,9.672131148,17.29508197,69,3,52,6,1317,55,896,101,115,1,78,8,65,2,47,5,19,0,1,51,200,0,0,28.6,445,73,100,1801
45,0.288888889,5.822222222,22.06666667,217,5,88,47,1752,75,755,432,274,11,117,58,105,4,40,25,35,1,2,43,800,0,1,7,415,23,100,1403
92,0.279569892,5.741935484,21.04301075,30,0,12,5,8077,372,3541,1546,279,14,62,123,74,3,29,21,20,0,1,67,0,10,1,43,470,68,216,1859
80,0.283950617,9.197530864,20.03703704,25,0,13,0,721,19,421,79,71,4,36,11,36,3,18,7,19,0,2,45,600,50,1,7,658,68,216,1242
30,0.231521739,7.200615942,16.85764493,7,2,3,5,72,7,30,24,7,0,2,3,7,1,3,3,53,0,2,43,500,0,1,14.6,7,73,100,1801
1,0,10,10,12,0,6,0,291,4,168,33,37,0,25,1,25,0,17,0,30,0,1,15,900,50,0,27.8,64,106,90,327
9,0.222222222,8.888888889,9,1,0,1,0,146,6,83,12,3,1,2,1,2,1,2,1,42,0,1,18,300,0,1,14.2,268,68,62,527
90,0.274725275,2.483516484,21.93406593,34,0,19,0,1857,16,1083,72,77,0,45,0,98,0,57,1,36,0,2,27,700,10,1,43,644,68,110,917
26,0.346153846,5.269230769,20,166,5,69,40,2303,122,1001,524,170,10,63,53,68,5,20,24,65,0,2,40,700,0,0,7,618,73,62,940
87,0.272727273,3.954545455,20.61363636,12,1,10,1,584,38,330,85,58,3,34,8,26,2,18,3,23,0,1,57,0,0,1,27,314,106,90,782
29,0.241923873,7.817404044,17.73608775,7,0,4,0,89,4,35,29,19,0,6,4,25,0,11,5,41,0,1,40,600,230,1,25.4,7,73,216,962
12,0.333333333,11.16666667,14.66666667,34,2,26,5,288,16,184,29,54,4,36,10,76,3,53,12,36,0,1,48,600,20,0,20.8,467,68,216,968
29,0.333333333,10.3,16.7,4,0,2,0,1605,18,1018,83,14,0,11,0,6,0,3,0,25,0,2,2,800,30,1,28,967,73,62,2126
1,1,16,16,41,0,14,17,105,6,22,48,25,2,4,11,31,2,7,20,58,0,1,19,900,0,0,14.2,35,23,100,557
62,0.285714286,6.507936508,17.28571429,11,0,8,0,389,13,235,35,20,0,8,0,41,0,19,3,25,0,1,5,800,10,1,7,459,58,90,782
7,0.142857143,4.857142857,15.28571429,15,0,12,0,310,2,193,21,13,0,8,0,10,0,9,0,23,0,1,9,600,120,1,15.2,1008,74,62,254
92,0.279569892,4.075268817,21.78494624,11,0,9,0,1587,26,987,71,109,1,70,4,97,0,72,1,32,0,2,58,600,220,0,43,739,68,62,2126
3,0.333333333,18.66666667,20.33333333,20,0,5,7,3145,117,1307,843,41,1,12,16,203,1,68,64,34,0,2,23,100,80,1,50,39,23,216,1973
92,0.279569892,3.967741935,20.90322581,3,0,1,0,784,14,482,45,25,0,16,0,30,0,14,0,30,0,1,17,500,50,1,27.6,222,30,110,2207
10,0,10.3,16,67,2,40,15,2400,101,1312,430,90,6,49,21,65,4,38,18,18,0,2,52,800,10,1,28.6,226,73,216,575
1,1,22,22,12,0,7,2,118,4,56,27,13,0,7,2,6,0,2,2,29,0,1,14,800,0,1,7,414,23,100,233
30,0.266666667,9.433333333,19.03333333,146,7,39,63,1968,123,533,830,185,10,38,81,50,3,12,25,57,0,2,56,800,250,1,7,68,68,62,2036
84,0.294117647,11.30588235,16.07058824,76,10,29,28,1255,57,383,383,80,6,16,31,74,5,15,30,40,0,1,28,900,0,1,7,563,23,62,2036
12,0.416666667,6.5,19.66666667,24,0,5,3,145,2,50,28,28,0,3,5,38,1,10,11,31,1,1,6,600,0,1,28.6,40,26,90,782
74,0.351351351,4.864864865,21.98648649,120,10,45,31,7530,525,2871,1862,207,20,59,61,267,18,144,60,61,1,2,39,0,0,1,13.4,1325,73,62,1039
19,0.35,6.75,17.55,5,0,3,0,367,7,228,18,21,0,13,0,22,0,13,0,29,0,1,18,200,0,0,20.8,234,26,90,592
22,0.322228649,8.331752458,18.58479853,2,1,2,1,14,2,3,8,2,0,1,1,5,1,2,3,53,0,2,5,600,0,1,7.2,1,23,62,129
17,0.257526427,9.141335447,17.02918605,9.4,0.2,6,0.8,22,0,9,2,1,0,0,0,1,0,1,0,56,0,1,4,500,0,0,21.4,211,93,90,782
61,0.274193548,9.322580645,19.01612903,48,1,37,2,628,10,411,50,85,3,56,6,50,1,36,4,22,0,2,30,0,0,1,20.6,1798,9,90,782
1,0,13,13,5,0,3,0,24,2,7,7,7,0,3,1,5,0,2,1,18,0,2,3,200,0,1,20,81,64,62,1970
67,0.279411765,2.720588235,22.47058824,431,23,299,34,9711,318,5537,1087,621,36,384,67,247,8,152,25,26,0,1,42,100,0,1,7,283,73,110,1044
86,0.298850575,2.666666667,21.11494253,290,6,188,19,4891,125,2985,494,354,9,235,30,209,8,133,18,19,0,2,67,500,0,1,7,300,68,110,159
9,0.222222222,11.77777778,17.77777778,43,0,21,9,719,19,341,156,89,1,36,26,119,2,66,19,30,0,1,51,700,60,1,43,56,9,62,491
22,0.201681682,9.199639641,18.9618018,8,0,6,0,119,4,67,9,13,0,7,2,13,0,8,0,28,1,1,44,500,20,1,43,17,68,216,575
7,0.285714286,10,14.85714286,17,0,10,1,101,2,43,15,5,0,2,1,6,0,2,1,19,0,1,7,900,20,1,27.6,399,29,62,931
54,0.296296296,6.611111111,18.40740741,110,5,53,25,3305,151,1404,775,148,6,64,46,215,6,88,66,25,0,1,68,600,0,1,43,619,66,100,362
86,0.252873563,2.32183908,22.32183908,23,0,16,1,1276,45,677,216,83,7,48,18,67,7,38,16,25,0,1,63,200,30,1,7,522,68,216,1843
35,0.30122525,10.52813417,17.30302353,7,0,3,2,12,0,4,4,2,0,0,2,6,0,2,3,65,1,1,13,600,0,1,8.8,163,23,62,1178
11,0.272727273,11.63636364,15.90909091,52,1,10,17,1216,47,358,449,70,1,13,27,37,1,7,18,44,1,2,47,200,0,1,7,247,68,62,242
91,0.27173913,2.380434783,19.66304348,18,0,12,0,1957,54,1228,101,109,2,71,1,173,3,106,7,21,1,1,40,500,100,1,21.4,254,106,90,592
20,0.3,10.25,17.5,5,0,4,0,208,15,115,40,11,2,9,2,9,0,7,0,25,0,1,20,400,10,1,28.6,502,68,110,159
2,0,13.5,13.5,30,2,12,3,223,13,119,32,45,3,27,7,27,0,17,2,50,0,2,65,600,20,1,28.8,226,68,216,853
28,0.214285714,13,13.85714286,82,0,48,7,80,2,24,10,5,0,2,1,9,0,4,1,20,0,2,33,600,0,0,21.2,414,68,62,1714
86,0.287356322,1.298850575,21.44827586,180,9,120,18,8110,297,5097,862,176,9,108,20,100,3,60,10,22,0,1,37,0,90,1,43,581,73,100,706
92,0.279569892,4.924731183,18.02150538,416,11,269,36,4183,87,2386,374,167,5,84,18,247,3,127,18,39,0,1,96,0,10,1,7,168,68,100,1599
60,0.3,1.183333333,22.23333333,280,9,180,30,4181,156,2232,739,520,19,306,68,325,12,206,46,27,0,1,44,900,0,1,29,275,73,110,1060
67,0.298507463,6.850746269,20.34328358,666,27,238,180,5865,261,1980,1915,835,31,202,300,271,11,56,118,45,1,2,41,500,0,0,35.8,230,23,62,2195
57,0.280701754,7.614035088,20.43859649,96,2,43,18,788,33,323,167,72,1,15,19,60,4,13,24,46,0,2,18,800,0,1,30,77,23,62,654
92,0.279569892,4.784946237,22.29032258,144,12,64,32,2988,289,1329,696,260,44,118,75,68,9,27,15,18,0,1,22,0,0,1,12,701,74,62,1007
86,0.287356322,2.045977011,21.72413793,64,1,43,1,5724,152,3313,538,138,6,83,10,217,3,115,31,20,0,2,26,800,10,1,7,172,23,216,659
23,0.236309524,7.542857142,16.79821429,48,7,21,15,243,11,91,82,21,4,6,10,34,5,8,15,63,0,1,31,400,0,0,16.8,14,68,216,167
24,0.333333333,13.625,18.125,57,1,32,4,112,8,47,25,24,7,8,8,19,3,6,8,21,1,1,62,800,0,0,41,911,68,216,465
71,0.281690141,7.042253521,17.76056338,150,5,79,29,1268,51,643,195,165,9,88,22,74,2,35,10,20,0,1,28,100,10,1,43,286,73,62,1007
74,0.293333333,6.613333333,18.90666667,139,6,45,44,2255,97,733,745,216,8,64,71,106,3,26,42,38,0,2,58,800,0,1,25.4,148,68,100,1481
89,0.288888889,3.9,22.22222222,8,0,5,2,751,16,423,59,30,1,21,4,37,1,24,3,20,0,1,37,200,10,1,43,610,26,90,782
2,0,11,19.5,22,1,9,5,202,12,93,41,13,1,8,1,19,2,9,5,25,0,2,28,0,0,1,23.8,61,73,62,316
40,0.287915303,6.520846279,19.57100945,71,1,28,20,967,48,373,299,98,9,27,41,79,6,31,31,46,1,1,41,100,0,1,14.8,140,73,5,1522
47,0.382978723,5.723404255,14.85106383,177,4,93,31,3004,87,1689,449,264,8,134,63,172,3,88,37,19,0,1,10,900,0,1,22.4,142,23,62,773
16,0.294117647,11.82352941,15.70588235,41,0,29,2,573,8,331,62,49,0,34,2,28,0,13,5,28,0,2,22,500,0,0,22.8,168,73,100,1508
74,0.266666667,8.653333333,17.32,41,4,33,4,2457,76,1471,270,80,4,50,7,162,4,116,10,37,0,2,40,100,0,1,28.6,617,73,62,1109
27,0.259259259,14.22222222,17.25925926,92,5,24,26,198,7,53,54,28,4,7,10,50,7,17,14,47,0,2,12,600,0,1,21.4,80,73,100,1509
63,0.296875,7.65625,18.609375,21,0,10,1,783,18,436,75,37,0,19,3,62,0,30,3,32,0,1,35,200,60,1,43,713,106,90,702
52,0.283018868,5.377358491,14.09433962,110,1,64,16,2320,66,1270,338,180,4,81,37,129,5,63,32,28,0,1,11,0,10,0,7,288,23,100,927
24,0.291666667,4.666666667,17.41666667,2,0,1,0,235,14,144,27,17,0,9,3,22,0,10,1,18,0,2,17,400,220,1,24,59,106,90,782
51,0.230769231,13.75,19.13461538,2,0,1,0,305,11,172,32,5,0,2,0,4,0,3,0,21,0,1,6,400,0,1,28.6,651,106,90,782
1,0,20,23,4,0,3,0,29,0,16,1,2,0,1,0,1,0,1,0,84,0,0,7,800,0,1,27.2,45,64,110,1015
30,0.366666667,11.13333333,14.36666667,43,0,28,0,919,8,606,33,58,0,43,2,13,0,9,0,33,0,2,13,500,20,0,28.6,307,66,100,1633
1,0,17,17,20,0,12,0,373,9,217,28,24,1,15,0,29,1,19,0,30,0,1,47,900,10,1,7,47,68,216,1740
92,0.279569892,2.806451613,22.48387097,145,3,82,10,3605,93,1883,508,327,5,165,32,176,5,92,29,30,0,1,68,100,270,1,7,325,68,100,2017
32,0.25,11.1875,20.375,58,6,14,26,1802,117,438,703,84,7,18,39,63,6,16,31,37,1,1,35,900,0,1,19.8,425,106,90,1402
82,0.289156627,4.060240964,20.02409639,77,1,45,11,1625,67,774,371,119,5,57,26,182,5,86,43,75,0,1,17,400,0,1,28,903,23,62,2036
36,0.277777778,10.66666667,20.02777778,204,12,25,127,2700,150,480,1363,107,8,13,65,74,6,9,52,53,0,2,49,800,0,1,7,390,68,62,335
40,0.278531333,8.555632542,19.60846449,5,1,3,0,128,1,57,30,11,1,5,1,5,1,2,0,19,1,1,18,0,0,1,2,18,68,110,1361
81,0.283950617,12.2962963,17.22222222,50,1,25,7,351,14,173,76,43,1,12,10,32,1,9,9,41,0,1,39,200,0,1,28.6,620,68,216,1171
82,0.304878049,8.353658537,18.48780488,8,1,3,0,125,4,73,11,14,1,8,0,9,2,8,0,18,0,2,10,300,140,1,32,111,26,90,327
38,0.342105263,11.94736842,18.47368421,155,8,52,53,978,58,305,278,59,5,18,24,64,4,14,23,46,0,1,47,800,0,1,7,83,68,216,726
16,0.215324675,12.01688312,16.73316017,4,1,3,0,76,5,26,23,43,0,7,16,21,1,7,5,49,1,1,27,600,70,1,30,18,68,216,1831
89,0.288888889,5.211111111,21.85555556,49,2,27,5,9916,329,5213,1621,172,1,73,31,153,3,76,19,18,0,2,64,800,0,1,8,299,68,216,1267
67,0.343283582,14.68656716,18.32835821,107,5,17,36,5229,333,1515,1718,116,6,26,42,124,7,29,47,50,1,2,37,100,0,0,7,416,29,100,1472
9,0.222222222,6.222222222,19.44444444,3,0,1,0,256,6,166,25,6,1,3,0,5,0,2,0,18,0,1,9,900,10,1,25.2,588,68,219,1823
26,0.422646166,9.146997064,17.4684958,9,0,2,4,157,4,59,43,10,0,1,3,8,0,1,3,77,0,2,39,600,0,0,43,7,73,100,622
43,0.209302326,7.511627907,17.20930233,148,11,80,20,1552,132,876,209,170,17,92,19,32,2,19,4,23,1,1,29,600,0,1,21.4,602,23,62,1870
63,0.301587302,3.063492063,20.07936508,31,1,25,3,1733,54,1096,145,95,1,65,6,129,0,95,8,21,0,1,1,600,0,0,43,105,30,90,1610
19,0.302445887,6.332597403,17.76399711,21,0,7,3,52,0,17,8,6,0,2,1,4,0,2,0,18,0,2,33,200,0,1,14.6,14,68,62,136
6,0.333333333,9.666666667,18.33333333,29,1,12,5,263,9,131,51,23,1,6,5,20,1,5,8,18,0,1,24,900,0,1,21.4,228,63,100,1116
17,0.281989601,8.837468528,15.58718117,12,0,6,0,113,1,57,7,15,0,8,0,37,0,20,0,43,0,1,20,900,40,1,28.6,10,73,216,408
31,0.322580645,9.290322581,17.90322581,102,4,35,25,1192,52,463,348,122,6,33,41,55,0,14,19,45,1,2,44,100,0,1,7,388,68,100,431
75,0.294311142,5.139405423,20.43941393,126,5,30,54,1205,63,426,370,200,17,34,90,76,8,19,41,47,0,1,38,0,20,1,7,20,68,62,936
19,0.35547619,13.1897619,19.70095238,7,0,5,2,142,1,69,25,18,0,10,4,22,0,12,3,46,0,2,19,300,50,1,43,10,23,62,1314
35,0.371428571,12.42857143,18.88571429,53,1,18,10,912,33,324,242,68,3,13,22,34,0,9,12,33,1,2,21,0,0,0,43,106,23,100,903
44,0.295454545,2.022727273,19.90909091,71,5,14,38,1022,41,321,334,172,8,28,82,157,6,35,67,32,0,1,42,700,10,1,7,99,68,62,2073
68,0.289855072,1.362318841,22.05797101,85,0,50,3,6372,76,3832,481,181,1,104,8,223,2,134,21,26,0,2,13,600,0,1,3,169,23,62,1541
85,0.26744186,4,21.39534884,25,0,14,1,1032,11,595,73,36,1,21,3,121,2,67,5,27,0,1,8,0,20,0,43,665,30,90,782
90,0.274725275,2.252747253,21.08791209,43,3,13,9,2077,83,1099,338,47,5,26,9,94,3,55,18,18,0,1,51,100,0,1,7,590,68,62,1371
41,0.268292683,13.14634146,15.46341463,2,1,1,1,725,51,362,112,2,0,0,1,2,0,1,0,18,0,2,9,500,170,1,43,1549,23,100,650
34,0.193479854,8.195970695,17.94593407,16,0,4,7,185,14,94,45,10,0,1,5,4,0,1,1,29,0,1,10,400,0,1,36,3,23,216,1046
14,0.241587302,6.925714286,18.73111111,14,0,11,1,300,3,184,16,34,0,20,2,36,0,21,3,28,0,2,38,300,60,1,6.2,19,73,216,454
66,0.28358209,8.626865672,17.70149254,99,5,51,12,1594,66,933,213,131,8,67,20,121,3,65,19,20,0,2,19,100,60,1,28.6,641,29,62,830
7,0.285714286,10.28571429,17.42857143,31,1,4,20,1307,74,292,609,63,5,11,39,50,2,5,33,33,0,2,49,0,0,1,3,45,73,100,233
14,0.357142857,7.071428571,13.57142857,14.4,1,9.6,0.6,61,1,48,1,1,0,1,0,1,0,0,0,20,0,2,1,300,180,1,20.8,204,30,90,782
23,0.217391304,12.04347826,17.69565217,48,4,12,21,365,31,75,144,79,7,11,39,56,4,6,27,56,1,2,31,0,80,1,26,58,73,62,1314
47,0.3125,12.54166667,17.45833333,18,2,9,2,677,69,402,76,66,10,39,9,21,4,13,2,39,0,2,9,600,40,0,15.8,551,73,100,1126
12,0.230769231,3,18.69230769,43,0,27,3,2038,68,1115,311,62,0,33,8,84,2,41,19,20,0,1,38,0,10,1,12,146,106,90,83
48,0.270833333,9.1875,20.77083333,133,8,47,34,1679,87,561,544,115,6,30,45,154,10,41,63,49,1,2,43,400,270,1,13,75,73,62,1371
38,0.289473684,13.36842105,17.97368421,88,4,17,29,509,22,223,122,51,0,8,17,53,4,14,24,62,1,2,33,500,0,1,32.8,385,73,216,1396
83,0.261904762,8.238095238,18.89285714,249,18,73,82,3700,182,951,1194,229,14,39,102,63,1,8,28,39,1,2,25,100,410,1,7,225,23,216,202
34,0.294117647,3.176470588,19.08823529,61,3,32,13,1213,26,670,146,105,5,57,12,15,0,8,1,27,0,2,60,800,30,1,12.6,72,23,62,2036
44,0.287506805,5.218299986,18.14794729,69,2,33,8,710,12,356,95,107,1,50,13,110,1,58,7,35,1,1,46,600,10,1,3,21,73,100,845
24,0.36225,7.788805556,16.648,12,0,0,6,64,1,11,28,19,0,3,8,6,0,1,2,69,0,2,11,400,0,1,35.8,9,74,216,1876
25,0.28,8.36,14.16,2,0,1,0,120,7,54,19,11,0,3,2,9,0,5,1,51,1,0,6,200,0,1,15.2,561,29,216,958
74,0.28,1.813333333,21.21333333,509,8,335,41,20579,546,10218,3832,1018,10,646,112,1114,40,526,267,43,0,1,19,0,20,0,43,267,26,90,592
51,0.235294118,10.15686275,19.50980392,160,4,85,20,1771,72,620,454,138,8,38,41,130,9,30,36,39,1,2,10,900,0,0,7,90,23,100,927
1,0,12,12,1,1,1,1,3,1,1,1,3,1,1,1,2,1,1,1,65,0,2,10,700,0,1,22.8,48,78,216,1182
74,0.24,9.373333333,19.29333333,22,1,14,2,1864,65,1062,225,78,1,38,13,30,2,13,6,19,0,2,17,100,10,1,35.4,461,23,100,1395
9,0.555555556,11.77777778,14.66666667,4,0,3,0,128,2,83,2,11,0,9,0,21,0,13,0,28,0,2,19,0,50,1,22.8,241,73,202,1619
92,0.279569892,1.989247312,22.16129032,70,1,52,0,1670,22,1088,67,103,0,73,3,91,1,59,4,30,0,2,46,100,120,1,7,411,68,216,1289
77,0.282051282,4.91025641,22,130,6,93,11,2092,84,1175,251,452,24,275,58,204,12,107,34,33,0,2,14,100,20,1,43,597,23,216,958
82,0.277108434,6.722891566,19.36144578,3,0,2,0,736,17,392,75,13,0,7,1,13,0,8,0,40,0,1,27,700,10,1,29.6,544,23,110,2077
14,0.428571429,5.142857143,19.07142857,11,1,7,3,135,5,65,27,64,4,28,9,85,5,33,19,46,0,2,9,400,40,1,7,64,73,100,201
21,0.285714286,7.380952381,8.238095238,5,0,4,0,29,0,9,1,3,0,0,0,2,0,1,0,39,0,2,47,400,120,0,29.6,528,106,90,702
25,0.32,11.72,18.2,26,1,11,5,764,28,442,76,27,1,13,5,5,1,2,1,22,0,1,22,900,0,0,43,699,29,62,1007
36,0.27027027,9.918918919,17.51351351,19,4,14,2,1072,35,692,116,52,5,35,11,72,4,44,12,20,0,1,53,600,0,1,21.4,664,68,62,2213
91,0.282608696,1,22.01086957,1,0,0,0,719,26,484,39,15,0,11,0,18,0,13,0,24,0,1,32,500,70,1,28.6,532,73,216,198
64,0.28125,7.46875,19.3125,1,0,0,0,1590,47,950,161,34,2,22,5,21,1,11,7,22.6,0,2,52,520,28,1,28.6,1523,26,90,782
39,0.268547385,5.903687023,17.34778015,6,0,5,0,138,3,93,6,14,1,9,1,19,1,14,1,45,0,1,11,600,0,0,6.2,5,106,90,2135
73,0.310810811,5.040540541,19.56756757,10,0,10,1,1669,22,1079,63,70,1,50,0,55,0,42,0,34,0,2,15,500,40,0,7,619,59,100,1801
46,0.347826087,2.695652174,19.19565217,38,1,29,1,2567,64,1732,143,113,3,82,5,35,2,25,0,28,0,2,35,500,0,1,14.2,1134,9,90,1407
91,0.282608696,4.163043478,21.83695652,20,1,11,1,3391,55,1784,354,84,1,44,2,126,2,66,10,27,0,1,44,700,0,1,43,427,106,90,327
25,0.48,11.6,16.12,8,0,4,2,83,5,42,12,4,1,1,1,6,1,3,1,49,1,2,21,100,0,1,13.4,411,23,100,980
51,0.229986738,6.685344668,18.46025455,34,0,23,0,473,6,290,20,32,1,18,1,19,0,11,1,35,0,1,47,600,0,1,23.6,16,68,62,1007
89,0.277777778,13.83333333,20.74444444,207,15,83,63,1838,84,646,541,95,10,29,36,66,3,13,31,37,1,2,54,800,0,1,28.6,539,106,90,1669
83,0.238095238,2.595238095,20.76190476,117,2,50,18,1317,11,819,79,83,0,48,8,74,0,40,6,25,0,2,48,600,10,0,21.4,292,88,90,782
45,0.333333333,8.777777778,14.31111111,8,0,3,1,238,14,123,41,10,1,2,2,6,2,3,0,56,0,2,26,800,10,1,30.6,842,73,100,537
7,0.285714286,5.571428571,18.57142857,8,1,5,1,55,4,31,7,7,2,3,2,7,0,1,1,67,0,1,7,800,60,1,31,31,74,216,726
89,0.288888889,5.188888889,21.48888889,105,9,39,26,7328,408,3178,1645,206,15,53,64,62,6,17,18,35,0,2,55,100,10,1,7,503,73,62,464
85,0.26744186,9.534883721,18.79069767,5,0,4,0,548,13,327,42,13,1,9,2,16,0,10,0,27,0,1,33,100,70,1,37,644,68,110,159
8,0.25,5,18.375,15,0,9,0,151,2,75,24,27,1,15,5,17,0,12,1,56,0,2,15,0,0,1,26.2,48,73,216,744
82,0.292682927,11.02439024,20.08536585,194,8,67,61,2715,91,1071,656,174,5,58,52,43,1,13,16,63,0,2,31,300,0,1,50,343,106,90,889
1,0,11,11,5,0,3,2,37,1,21,6,10,0,6,3,2,0,1,1,26,0,1,11,800,0,0,21.4,46,73,100,1481
39,0.442184484,7.597054504,17.50609683,39,2,25,5,357,14,197,71,99,5,56,16,112,4,56,24,50,0,2,42,200,10,1,3,16,68,100,1617
52,0.307692308,11.32692308,16.92307692,67,7,35,8,1343,58,612,278,68,7,29,11,114,7,56,15,39,1,2,51,700,0,1,28.6,885,68,216,1063
67,0.264705882,2.367647059,22.27941176,3,0,0,1,58,1,31,11,11,0,4,1,7,0,3,1,33,0,1,36,100,10,1,34.6,346,73,100,2000
36,0.297297297,11.54054054,15.35135135,57,3,17,17,159,3,87,12,12,0,9,0,12,1,10,1,23,0,1,17,0,0,1,22.2,421,29,110,190
12,0.166666667,2.5,14.91666667,4,0,1,2,352,11,235,22,12,1,4,3,2,1,1,1,20,0,2,6,200,0,1,35.8,1441,26,90,2279
59,0.305084746,9.491525424,19.47457627,112,2,33,31,1751,95,500,560,105,2,19,41,55,1,11,22,20,1,2,18,200,0,1,19.2,575,73,216,1140
85,0.279069767,7.965116279,19.91860465,15,0,5,2,861,35,420,150,30,3,10,12,72,1,40,10,19,0,1,21,800,0,0,7,619,71,100,1851
14,0.285714286,13.85714286,18.21428571,51,3,15,20,159,4,49,37,77,4,15,33,17,1,4,7,47,1,2,49,100,0,1,20,49,68,216,2171
80,0.275,4.55,20.3375,68,3,40,6,1327,50,773,165,80,3,44,11,79,3,46,10,23,0,2,19,0,30,1,28.6,320,74,62,254
58,0.293103448,5.74137931,18.75862069,47,3,23,11,1112,34,568,151,63,4,36,7,67,3,41,6,24,1,1,39,300,0,1,21.4,116,68,62,719
67,0.25,8.235294118,19.92647059,65,4,42,4,3171,85,1966,257,83,1,56,2,51,3,41,3,22,0,2,50,800,10,1,43,1772,68,216,198
11,0.363636364,10.27272727,10.90909091,32,0,22,3,200,3,119,20,18,0,9,3,12,0,7,0,25,0,2,31,100,0,0,21.4,85,74,100,706
2,0.5,18,18,64,2,29,20,227,6,95,63,96,5,37,36,76,4,27,26,32,1,2,50,800,0,0,30,47,73,100,1851
42,0.26729854,8.97081081,19.31179807,17,0,9,0,199,0,119,5,29,0,16,0,29,0,20,0,33,0,2,25,100,0,1,24.2,16,106,90,237
40,0.243902439,9,13.58536585,94,3,50,12,110,2,46,20,9,0,2,3,3,0,1,0,53,0,1,24,400,0,1,30,584,78,216,471
69,0.293000564,6.367765148,19.83346197,111,4,32,43,2566,117,853,912,189,3,38,80,55,1,6,29,39,1,2,39,500,0,1,17.8,24,106,90,772
29,0.379310345,10.03448276,14.17241379,3,0,2,1,214,15,122,25,11,1,5,2,77,2,40,7,30,0,1,22,600,140,0,22.4,622,68,110,2207
27,0.25,7.571428571,15.82142857,23,0,10,0,264,8,139,25,31,1,14,3,30,0,16,1,30,0,1,9,800,10,0,21.4,326,30,100,1974
81,0.256097561,5.390243902,18.1097561,96,0,58,1,1690,35,1084,114,112,1,68,3,53,0,28,3,28,0,1,71,0,100,1,7,479,106,90,954
24,0.333333333,9.75,17.375,24,1,10,2,829,24,513,59,29,1,15,2,10,0,7,0,20,0,1,14,500,0,1,43,704,29,62,242
16,0.3125,11.125,15.75,46,4,20,10,199,8,68,56,20,2,7,7,5,0,1,2,34,1,2,28,100,0,1,13.4,208,106,90,1201
1,1,23,23,42,0,25,2,1480,30,884,104,159,1,95,7,119,1,61,4,57,0,1,40,100,0,1,28.6,212,106,90,592
14,0.357142857,10.71428571,15.92857143,4,0,1,2,1033,40,492,193,15,0,3,7,16,1,3,7,48,0,1,23,700,40,1,17.8,127,106,90,1610
2,0,14.5,18.5,16,0,10,1,714,9,405,57,31,0,17,1,62,1,32,10,32,0,1,38,900,10,0,7,46,106,90,237
26,0.296631824,6.399303135,19.35516841,35,1,22,3,394,7,247,39,59,2,31,9,77,3,49,8,31,0,1,48,600,20,1,20,32,68,62,2213
20,0.238095238,5.095238095,19.33333333,12,0,8,1,570,5,361,30,27,0,17,1,15,0,11,0,31,0,1,21,900,20,1,28.6,181,106,90,2279
7,0.285714286,7.571428571,14.57142857,4,0,4,0,30,0,20,3,9,0,7,0,17,0,11,1,24,0,2,7,100,0,0,13.4,113,78,100,1801
12,0.316012297,8.881089152,16.79487044,4,0,0,1,37,4,13,9,7,1,1,1,5,1,1,0,51,0,1,12,700,0,1,21.4,8,23,62,573
29,0.24137931,14.44827586,16.96551724,50,2,8,18,57,4,13,15,10,1,2,5,15,0,1,3,46,1,2,34,700,460,0,7,419,23,100,845
9,0.222222222,10.11111111,16.77777778,14,2,9,4,26,1,15,2,13,0,7,0,3,0,1,0,32,1,2,5,500,30,1,43,66,59,62,599
3,0.333333333,18.66666667,18.66666667,24,0,14,0,77,2,41,10,4,0,3,0,4,0,4,1,19,0,1,7,800,40,1,28.6,587,29,62,931
14,0.285714286,8.785714286,14.85714286,138,4,61,31,368,20,140,111,78,3,23,24,38,1,13,10,37,1,2,61,200,0,1,48,578,23,100,1761
32,0.28125,9.125,20.59375,197,11,57,74,1552,67,385,568,159,12,23,79,76,4,9,37,53,1,1,23,900,60,1,23.2,80,106,90,2279
56,0.285714286,11.48214286,18.01785714,221,7,102,48,357,8,112,102,92,2,18,27,65,1,20,22,66,0,2,82,300,0,1,35.8,512,68,100,1838
54,0.288676203,2.987299078,21.76178305,37,0,20,1,930,6,548,33,102,0,50,4,169,0,97,3,50,0,1,35,800,80,1,50,15,68,216,363
3,1,12,12,2,0,2,0,103,1,66,1,2,0,2,0,1,0,1,0,29,0,1,7,900,10,1,26.6,175,23,216,198
73,0.351351351,12.66216216,17.7972973,24.6,0.4,12.6,4.8,277,6,194,12,10,0,7,0,7,0,5,0,31,0,2,11,700,50,1,36,661,23,110,1637
81,0.284561321,4.479181415,20.59926067,59,0,20,21,765,40,304,224,109,8,32,44,120,5,50,35,33,0,1,46,900,10,0,7,622,68,100,1006
71,0.277777778,5.347222222,19.90277778,272,9,155,35,5669,239,3127,936,572,16,321,80,218,7,100,43,22,0,1,42,100,0,1,28.8,688,68,62,95
15,0.266666667,9.133333333,20.46666667,280,17,121,81,3499,138,1297,1084,138,4,41,51,94,3,25,44,40,1,2,40,200,0,1,7,211,23,62,1008
2,0,19,19.5,96,2,39,18,175,11,57,48,67,3,14,23,6,1,2,4,44,0,1,28,700,0,1,38.4,211,73,216,1973
86,0.275862069,5.75862069,20.54022989,8,0,8,0,1831,35,1193,96,47,0,27,3,73,3,41,12,25,0,2,18,200,0,1,7,384,106,90,1444
44,0.272727273,8.181818182,18.65909091,277,10,119,69,3697,181,1371,1165,335,15,112,114,171,4,28,74,50,0,2,68,400,0,1,14,288,68,62,2036
68,0.275362319,2.695652174,21.02898551,20,0,11,1,1894,36,1102,164,27,0,18,0,30,0,16,0,32,0,1,15,500,0,1,43,681,106,90,2279
53,0.301886792,6.566037736,18.66037736,57,0,22,8,608,25,252,125,68,2,16,14,26,1,8,8,71,1,2,209,300,0,1,7,431,23,62,687
92,0.279569892,3.591397849,22.05376344,23,0,11,3,2721,58,1512,224,60,0,29,3,43,0,22,2,37,0,2,63,500,0,0,21.4,429,68,216,985
8,0.375,13.5,13.5,6.4,0.8,3.4,1.4,120,1,62,8,10,1,7,1,12,1,6,0,25,0,2,10,400,10,1,7,571,68,62,2036
7,0.428571429,8.142857143,15.85714286,10,0,7,0,193,2,129,7,17,0,11,0,10,0,5,0,24,0,2,25,0,0,1,28.6,601,73,100,661
5,0.4,18.2,18.2,19,0,5,4,278,14,101,88,11,0,3,4,26,2,9,10,70,0,1,22,500,0,1,14,520,74,62,81
72,0.301369863,8.383561644,15.53424658,1,0,1,0,1677,27,1149,49,22,0,15,0,10,0,5,0,21,0,2,11,0,150,1,35.8,408,23,100,650
72,0.277777778,8.763888889,18.93055556,80,3,40,21,2197,72,815,606,39,0,9,12,24,0,3,10,34,0,2,54,100,0,1,28.6,544,73,99,1926
91,0.282608696,7.054347826,20,129,7,24,44,1475,73,426,464,126,5,22,46,57,3,6,19,55,1,2,51,200,40,1,7,518,106,90,2235
21,0.285714286,7.047619048,19.14285714,16,0,5,3,761,35,469,71,20,1,9,4,9,0,4,1,20,0,1,11,500,0,1,35.8,686,29,62,242
